32, 31 : 146.0
44, 47 : 341.0
12, 58 : 319.0
74, 116 : 1288.0
117, 64 : 1073.0
82, 99 : 427.0
9, 57 : 595.0
14, 39 : 321.0
81, 37 : 438.0
23, 35 : 738.0
47, 64 : 1113.0
72, 9 : 683.0
20, 115 : 966.0
115, 29 : 1106.0
83, 21 : 1960.0
32, 65 : 1986.0
88, 49 : 1171.0
46, 88 : 1390.0
25, 77 : 2011.0
69, 79 : 2265.0
116, 3 : 281.0
55, 28 : 267.0
58, 31 : 323.0
68, 47 : 289.0
116, 17 : 1236.0
78, 15 : 527.0
68, 6 : 507.0
57, 35 : 723.0
84, 75 : 507.0
82, 91 : 409.0
58, 23 : 343.0
48, 49 : 480.0
20, 99 : 792.0
0, 36 : 702.0
99, 53 : 1435.0
0, 14 : 775.0
12, 42 : 1409.0
53, 5 : 1424.0
79, 13 : 1451.0
34, 0 : 1312.0
11, 46 : 1106.0
76, 100 : 3061.0
79, 4 : 1509.0
38, 104 : 1944.0
105, 42 : 1609.0
52, 104 : 2025.0
1, 65 : 2528.0
36, 10 : 216.0
2, 51 : 276.0
58, 23 : 343.0
98, 62 : 420.0
3, 98 : 440.0
14, 41 : 348.0
0, 10 : 725.0
59, 2 : 831.0
46, 99 : 952.0
36, 34 : 1071.0
20, 81 : 903.0
67, 82 : 1125.0
58, 65 : 2035.0
69, 41 : 1946.0
50, 27 : 1723.0
35, 64 : 1194.0
94, 0 : 1562.0
35, 94 : 1606.0
104, 11 : 1640.0
95, 69 : 2057.0
113, 50 : 1657.0
86, 43 : 1793.0
42, 77 : 2370.0
38, 19 : 2349.0
24, 2 : 172.0
75, 56 : 184.0
118, 117 : 164.0
32, 100 : 252.0
31, 13 : 415.0
16, 24 : 345.0
96, 4 : 623.0
115, 56 : 562.0
29, 21 : 973.0
72, 26 : 509.0
71, 56 : 911.0
110, 25 : 840.0
40, 72 : 624.0
11, 86 : 1419.0
67, 108 : 1207.0
66, 52 : 1513.0
3, 94 : 1424.0
61, 14 : 1140.0
98, 107 : 1999.0
33, 104 : 1608.0
60, 104 : 1695.0
46, 42 : 1634.0
19, 95 : 2339.0
77, 30 : 2039.0
61, 83 : 1947.0
28, 111 : 236.0
23, 3 : 239.0
82, 111 : 439.0
41, 18 : 406.0
24, 67 : 1038.0
39, 9 : 563.0
95, 118 : 753.0
89, 23 : 903.0
32, 11 : 915.0
44, 88 : 1098.0
24, 79 : 1395.0
53, 51 : 1450.0
104, 2 : 1376.0
38, 111 : 1233.0
107, 37 : 1920.0
67, 35 : 1241.0
104, 84 : 1505.0
35, 86 : 1332.0
46, 20 : 988.0
79, 11 : 1569.0
53, 29 : 1666.0
27, 83 : 2643.0
61, 69 : 2244.0
116, 36 : 128.0
44, 117 : 346.0
3, 31 : 269.0
91, 40 : 480.0
71, 39 : 902.0
36, 0 : 689.0
9, 10 : 563.0
48, 25 : 607.0
75, 34 : 1122.0
101, 12 : 1341.0
5, 104 : 1402.0
8, 61 : 1180.0
97, 44 : 1234.0
27, 45 : 1473.0
50, 108 : 1018.0
2, 69 : 1909.0
46, 90 : 1087.0
1, 81 : 1386.0
18, 17 : 1343.0
88, 33 : 1237.0
30, 29 : 1087.0
113, 33 : 1596.0
69, 53 : 2438.0
116, 55 : 268.0
96, 91 : 233.0
116, 63 : 453.0
75, 22 : 353.0
18, 92 : 454.0
8, 56 : 291.0
66, 111 : 303.0
49, 41 : 565.0
58, 81 : 453.0
105, 58 : 643.0
63, 16 : 574.0
94, 24 : 1342.0
67, 51 : 1055.0
72, 71 : 955.0
32, 19 : 2115.0
0, 86 : 1320.0
107, 81 : 1875.0
30, 17 : 1345.0
70, 71 : 1885.0
43, 83 : 2536.0
39, 92 : 184.0
92, 36 : 190.0
18, 117 : 439.0
68, 22 : 384.0
91, 51 : 313.0
86, 28 : 1028.0
45, 26 : 290.0
55, 18 : 389.0
7, 72 : 495.0
99, 105 : 620.0
25, 32 : 616.0
5, 0 : 716.0
64, 75 : 1100.0
48, 94 : 1430.0
99, 83 : 1951.0
34, 51 : 1151.0
110, 49 : 790.0
20, 82 : 876.0
58, 43 : 1442.0
61, 13 : 1249.0
11, 4 : 1028.0
8, 79 : 1422.0
42, 14 : 1456.0
30, 53 : 1486.0
74, 52 : 2020.0
79, 53 : 1868.0
65, 70 : 2319.0
8, 99 : 311.0
57, 23 : 218.0
118, 7 : 279.0
39, 8 : 271.0
13, 7 : 491.0
24, 4 : 617.0
44, 13 : 484.0
58, 49 : 556.0
6, 81 : 588.0
100, 108 : 627.0
89, 66 : 915.0
26, 35 : 767.0
60, 16 : 965.0
51, 86 : 1135.0
71, 84 : 1037.0
25, 20 : 778.0
33, 115 : 906.0
53, 119 : 1462.0
105, 113 : 1531.0
27, 29 : 1662.0
79, 89 : 1635.0
97, 101 : 1724.0
70, 38 : 2157.0
28, 68 : 136.0
39, 24 : 116.0
12, 100 : 250.0
91, 111 : 313.0
58, 36 : 306.0
36, 81 : 375.0
63, 31 : 514.0
20, 117 : 809.0
20, 36 : 797.0
6, 3 : 516.0
99, 69 : 1891.0
98, 40 : 611.0
98, 97 : 1324.0
9, 60 : 1068.0
91, 43 : 1519.0
58, 1 : 1324.0
60, 33 : 1114.0
43, 3 : 1521.0
0, 83 : 2272.0
113, 0 : 1592.0
76, 18 : 3141.0
35, 83 : 2238.0
20, 70 : 1935.0
104, 94 : 1778.0
113, 74 : 1878.0
42, 65 : 2507.0
26, 96 : 304.0
92, 8 : 321.0
72, 118 : 479.0
78, 32 : 540.0
59, 57 : 860.0
84, 7 : 549.0
115, 98 : 719.0
91, 108 : 607.0
0, 5 : 722.0
50, 45 : 906.0
51, 38 : 1198.0
83, 26 : 2031.0
21, 101 : 1350.0
97, 44 : 1234.0
7, 94 : 1408.0
91, 107 : 1913.0
84, 71 : 985.0
83, 7 : 2015.0
89, 74 : 1590.0
69, 33 : 2065.0
0, 104 : 1636.0
115, 70 : 1675.0
43, 46 : 1655.0
83, 95 : 2158.0
45, 117 : 314.0
119, 36 : 323.0
26, 118 : 324.0
10, 75 : 223.0
90, 55 : 527.0
30, 15 : 623.0
105, 62 : 636.0
35, 66 : 792.0
82, 7 : 462.0
20, 45 : 825.0
90, 51 : 528.0
57, 79 : 1375.0
91, 17 : 1294.0
60, 47 : 941.0
13, 71 : 1025.0
79, 98 : 1461.0
41, 38 : 1177.0
105, 4 : 831.0
104, 0 : 1573.0
4, 113 : 1599.0
94, 6 : 1483.0
22, 76 : 3055.0
53, 43 : 2076.0
12, 96 : 191.0
91, 118 : 256.0
28, 115 : 547.0
100, 31 : 259.0
41, 66 : 332.0
66, 72 : 493.0
110, 37 : 659.0
6, 66 : 496.0
115, 10 : 615.0
3, 60 : 943.0
27, 56 : 1468.0
92, 65 : 1956.0
20, 6 : 869.0
78, 101 : 1497.0
34, 79 : 1790.0
69, 88 : 2170.0
65, 64 : 2255.0
88, 70 : 1944.0
43, 83 : 2536.0
21, 31 : 183.0
57, 91 : 217.0
12, 90 : 506.0
45, 5 : 322.0
40, 36 : 498.0
55, 24 : 262.0
21, 45 : 276.0
78, 62 : 569.0
58, 49 : 556.0
16, 25 : 579.0
72, 71 : 955.0
89, 3 : 923.0
81, 35 : 836.0
110, 119 : 680.0
8, 25 : 599.0
78, 82 : 674.0
37, 1 : 1288.0
47, 59 : 872.0
33, 18 : 769.0
94, 24 : 1342.0
69, 58 : 1961.0
5, 70 : 1705.0
3, 69 : 1924.0
4, 17 : 1340.0
69, 63 : 2041.0
42, 67 : 1790.0
101, 86 : 1611.0
116, 33 : 689.0
12, 118 : 227.0
4, 7 : 627.0
46, 118 : 970.0
82, 51 : 430.0
3, 48 : 264.0
32, 34 : 1110.0
90, 49 : 636.0
81, 29 : 1045.0
110, 64 : 991.0
3, 74 : 1358.0
97, 78 : 1365.0
113, 7 : 1432.0
49, 71 : 1038.0
110, 29 : 1158.0
25, 46 : 943.0
52, 105 : 1652.0
65, 119 : 2032.0
76, 118 : 3019.0
76, 37 : 3055.0
53, 107 : 2592.0
2, 116 : 177.0
28, 26 : 254.0
99, 57 : 139.0
24, 39 : 144.0
10, 12 : 218.0
37, 39 : 234.0
28, 72 : 435.0
48, 66 : 336.0
26, 99 : 305.0
24, 18 : 387.0
89, 117 : 883.0
68, 105 : 600.0
18, 25 : 673.0
6, 91 : 495.0
100, 90 : 507.0
32, 33 : 674.0
10, 67 : 1064.0
67, 44 : 1071.0
88, 82 : 1113.0
108, 105 : 860.0
89, 50 : 1154.0
83, 45 : 2011.0
20, 94 : 1630.0
34, 50 : 1315.0
104, 97 : 1618.0
12, 5 : 214.0
15, 118 : 210.0
51, 2 : 279.0
100, 48 : 318.0
10, 6 : 453.0
116, 53 : 1403.0
72, 5 : 482.0
21, 18 : 381.0
105, 66 : 668.0
38, 75 : 1190.0
118, 0 : 720.0
33, 23 : 666.0
97, 12 : 1191.0
94, 92 : 1367.0
89, 13 : 985.0
9, 115 : 793.0
108, 105 : 860.0
20, 43 : 1509.0
38, 1 : 1672.0
62, 76 : 3034.0
47, 76 : 3048.0
43, 79 : 1885.0
76, 29 : 3326.0
107, 65 : 2139.0
100, 5 : 284.0
56, 62 : 260.0
32, 62 : 268.0
10, 12 : 218.0
116, 101 : 1291.0
56, 48 : 279.0
15, 63 : 486.0
95, 96 : 747.0
40, 26 : 524.0
17, 117 : 1264.0
30, 5 : 663.0
26, 113 : 1429.0
36, 83 : 1939.0
101, 37 : 1370.0
29, 0 : 1004.0
83, 12 : 1961.0
74, 3 : 1369.0
29, 90 : 1085.0
92, 76 : 3010.0
19, 5 : 2164.0
59, 113 : 1685.0
61, 67 : 1399.0
37, 68 : 271.0
96, 81 : 371.0
108, 62 : 633.0
62, 23 : 268.0
7, 22 : 419.0
57, 9 : 566.0
91, 110 : 656.0
100, 71 : 907.0
98, 30 : 744.0
81, 35 : 836.0
4, 16 : 671.0
22, 30 : 738.0
30, 90 : 798.0
53, 13 : 1487.0
107, 8 : 1918.0
78, 33 : 930.0
27, 47 : 1421.0
69, 100 : 1917.0
1, 29 : 1390.0
101, 19 : 2635.0
99, 39 : 129.0
111, 22 : 404.0
37, 111 : 341.0
63, 26 : 548.0
23, 72 : 490.0
51, 40 : 526.0
41, 40 : 520.0
110, 37 : 659.0
88, 16 : 1089.0
6, 88 : 1148.0
118, 19 : 2183.0
101, 41 : 1354.0
11, 33 : 958.0
110, 69 : 2052.0
60, 81 : 988.0
119, 79 : 1437.0
86, 60 : 1397.0
19, 4 : 2237.0
94, 29 : 1599.0
74, 67 : 1390.0
29, 65 : 2355.0
97, 94 : 1599.0
26, 48 : 315.0
36, 5 : 232.0
10, 5 : 156.0
2, 8 : 305.0
89, 116 : 862.0
117, 59 : 870.0
100, 82 : 438.0
7, 119 : 372.0
100, 81 : 431.0
47, 98 : 433.0
9, 119 : 618.0
21, 20 : 756.0
24, 94 : 1351.0
42, 57 : 1405.0
4, 49 : 696.0
71, 111 : 911.0
2, 83 : 2000.0
5, 38 : 1175.0
100, 65 : 2007.0
3, 77 : 1874.0
11, 13 : 944.0
49, 79 : 1462.0
26, 70 : 1718.0
35, 88 : 1278.0
17, 101 : 1972.0
68, 117 : 138.0
100, 68 : 210.0
15, 78 : 533.0
7, 51 : 320.0
111, 98 : 451.0
16, 23 : 350.0
78, 82 : 674.0
90, 3 : 534.0
29, 2 : 966.0
5, 71 : 900.0
95, 45 : 788.0
38, 51 : 1189.0
29, 55 : 977.0
55, 88 : 1083.0
6, 89 : 933.0
90, 46 : 1079.0
11, 98 : 1028.0
25, 97 : 1392.0
115, 86 : 844.0
97, 110 : 1345.0
35, 52 : 1585.0
11, 97 : 1566.0
113, 11 : 1653.0
67, 77 : 2109.0
28, 58 : 281.0
92, 117 : 177.0
55, 15 : 270.0
3, 37 : 233.0
28, 64 : 1067.0
51, 81 : 446.0
40, 72 : 624.0
7, 29 : 900.0
16, 60 : 957.0
1, 16 : 1330.0
82, 11 : 1016.0
89, 108 : 979.0
11, 90 : 1064.0
78, 11 : 1134.0
111, 65 : 1961.0
18, 53 : 1504.0
59, 1 : 1456.0
76, 11 : 3303.0
10, 116 : 226.0
15, 51 : 252.0
68, 31 : 194.0
57, 58 : 274.0
32, 23 : 214.0
57, 22 : 364.0
28, 71 : 876.0
12, 45 : 272.0
91, 44 : 369.0
55, 44 : 293.0
13, 18 : 543.0
22, 64 : 1165.0
101, 31 : 1343.0
96, 107 : 1845.0
107, 117 : 1857.0
70, 21 : 1672.0
20, 71 : 1168.0
1, 50 : 1487.0
94, 67 : 1557.0
27, 88 : 1758.0
79, 83 : 2546.0
